lastAccountName: Blade_Smash
timestamps:
  login: 1675485757829
  logout: 1675485775920
ipAddress: 127.0.0.1
logoutlocation:
  world: crmapin
  x: 0.5468124523821354
  y: 64.0
  z: 0.4175847184915828
  yaw: 0.69605005
  pitch: 0.39341038
