lastAccountName: YeegYigg470
timestamps:
  login: 1674627937906
  logout: 1674628164650
ipAddress: 127.0.0.1
logoutlocation:
  world: crmapin
  x: 0.5468124523821354
  y: 64.0
  z: 0.41758471849158285
  yaw: -54.803955
  pitch: 6.993409
