lastAccountName: ViggVigg910
timestamps:
  login: 1675560872563
  logout: 1675560894769
ipAddress: 127.0.0.1
logoutlocation:
  world: crmapin
  x: 0.5468124523821354
  y: 64.0
  z: 0.41758471849158285
  yaw: -113.75396
  pitch: 3.9934108
