lastAccountName: Tomar_The_horibl
timestamps:
  login: 1674835404790
  logout: 1674836289774
ipAddress: 127.0.0.1
lastlocation:
  world: bwsolo1
  x: 93.9266605810613
  y: -10.233402908145132
  z: -74.0137516233377
  yaw: -34.05005
  pitch: -60.900013
logoutlocation:
  world: crmapin
  x: 0.5468124523821354
  y: 64.0
  z: 0.4175847184915828
  yaw: 0.69605005
  pitch: 0.39341038
