lastAccountName: HydroWormsYT
timestamps:
  login: 1644333715545
  logout: 1644333739981
ipAddress: 103.146.224.74
logoutlocation:
  world: crmapin
  x: 0.5117556052691334
  y: 60.0
  z: 0.5311409586114493
  yaw: 179.72012
  pitch: 0.4960806
