lastAccountName: YeegYee545
timestamps:
  login: 1674668071088
  logout: 1674668140618
ipAddress: 127.0.0.1
logoutlocation:
  world: crmapin
  x: -33.861950988300606
  y: 68.0
  z: 51.22044307916666
  yaw: 44.946053
  pitch: 8.793411
