lastAccountName: soulstriker
timestamps:
  login: 1674659963078
  logout: 1674659981374
ipAddress: 127.0.0.1
logoutlocation:
  world: crmapin
  x: 4.569617029989084
  y: 62.5
  z: 36.0814115076556
  yaw: -29.153954
  pitch: 11.043411
