lastAccountName: YeegDarver647
timestamps:
  login: 1675189028661
  logout: 1675189140393
ipAddress: 127.0.0.1
logoutlocation:
  world: crmapin
  x: 2.8208381470298596
  y: 62.0
  z: 25.95855736479917
  yaw: 6.419777
  pitch: 16.677486
