lastAccountName: YeeVool453
timestamps:
  login: 1675454107203
  logout: 1675454540348
ipAddress: 127.0.0.1
logoutlocation:
  world: crmapin
  x: 42.91487365557702
  y: 61.0
  z: -29.412094312031687
  yaw: -50.303955
  pitch: -78.75
