lastAccountName: murderdrones360
timestamps:
  login: 1675478351367
  logout: 1675478386096
ipAddress: 127.0.0.1
logoutlocation:
  world: crmapin
  x: 0.7284863950864828
  y: 62.0625
  z: 35.13508883971698
  yaw: -122.90396
  pitch: 8.643411
