lastAccountName: YeerVigg945
timestamps:
  login: 1675351168058
  logout: 1675351795180
ipAddress: 127.0.0.1
lastlocation:
  world: bwsolo1
  x: -100.59562331996099
  y: 72.00133597911214
  z: 74.29156222069317
  yaw: -115.49999
  pitch: 33.300007
logoutlocation:
  world: crmapin
  x: 0.5468124523821354
  y: 64.0
  z: 0.4175847184915828
  yaw: 0.69605005
  pitch: 0.39341038
