lastAccountName: YeeishVigg741
timestamps:
  login: 1675360920726
  logout: 1675360944595
ipAddress: 127.0.0.1
lastlocation:
  world: bwsolo1
  x: -102.28015815290028
  y: -9.266946785560517
  z: 45.154553759744076
  yaw: -186.15002
  pitch: 21.900005
logoutlocation:
  world: crmapin
  x: 0.5728004880102889
  y: 64.0
  z: 0.9446506004358004
  yaw: -100.10396
  pitch: -8.1565895
