lastAccountName: porn_hub
timestamps:
  login: 1675366468361
  logout: 1675366519996
ipAddress: 127.0.0.1
logoutlocation:
  world: crmapin
  x: 0.6089285021527793
  y: 64.0
  z: 0.0015806226490161501
  yaw: 191.49606
  pitch: -18.300009
lastlocation:
  world: bwsolo4
  x: -21.150945988887024
  y: -11.08516031384535
  z: 65.95523401518321
  yaw: 235.3966
  pitch: 84.0
