lastAccountName: sergio
timestamps:
  login: 1675443843441
  logout: 1675444191280
ipAddress: 127.0.0.1
logoutlocation:
  world: crmapin
  x: 0.5468124523821354
  y: 64.0
  z: 0.4175847184915828
  yaw: 0.69605005
  pitch: 0.39341038
lastlocation:
  world: bwsolo1
  x: -93.32856258496497
  y: -10.119412824213407
  z: 73.51121272245605
  yaw: -27.0
  pitch: -41.85001
