lastAccountName: E__
timestamps:
  login: 1675120146117
  logout: 1675120213998
ipAddress: 127.0.0.1
logoutlocation:
  world: crmapin
  x: 0.2967002277693443
  y: 63.0
  z: 40.41459775397678
  yaw: 49.896053
  pitch: -1.9499922
