lastAccountName: Void
timestamps:
  login: 1674850942406
  logout: 1674850934375
ipAddress: 127.0.0.1
lastlocation:
  world: luckyblock
  x: 381.799064889149
  y: -2.2669467855605085
  z: 617.3377754552295
  yaw: 27.666687
  pitch: 69.0
logoutlocation:
  world: crmapin
  x: 0.5468124523821354
  y: 64.0
  z: 0.4175847184915828
  yaw: 0.69605005
  pitch: 0.39341038
