lastAccountName: a_guy
timestamps:
  login: 1674741340023
  logout: 1674741910787
ipAddress: 127.0.0.1
logoutlocation:
  world: crmapin
  x: 0.5468124523821354
  y: 64.0
  z: 0.41758471849158285
  yaw: 0.69605005
  pitch: 0.09341036
