lastAccountName: SWAGGY123
timestamps:
  login: 1675446574421
  logout: 1675446668613
ipAddress: 127.0.0.1
logoutlocation:
  world: crmapin
  x: 0.5427874614169543
  y: 64.0
  z: 0.9676350154019673
  yaw: 24.096052
  pitch: 15.543412
