lastAccountName: YeelerYeeish347
timestamps:
  login: 1675361983182
  logout: 1675362074414
ipAddress: 127.0.0.1
logoutlocation:
  world: crmapin
  x: 0.904767012622963
  y: 64.0
  z: 0.9971214496976535
  yaw: 50.7961
  pitch: -9.750009
