lastAccountName: ONly_KIng
timestamps:
  login: 1674920456153
  logout: 1674920501933
ipAddress: 127.0.0.1
logoutlocation:
  world: crmapin
  x: -0.10138026697346351
  y: 64.0
  z: 3.5419492081068222
  yaw: 2.3460503
  pitch: 22.593412
