lastAccountName: YeeDarver989
timestamps:
  login: 1675276483719
ipAddress: 127.0.0.1
logoutlocation:
  world: crmapin
  x: 0.4680064719075868
  y: 64.0
  z: 0.9798763449144416
  yaw: -2.3039503
  pitch: 0.6934104
