lastAccountName: coolbro001
timestamps:
  login: 1675474337707
  logout: 1675474360134
ipAddress: 127.0.0.1
logoutlocation:
  world: crmapin
  x: 0.5468124523821354
  y: 64.0
  z: 0.4175847184915828
  yaw: 0.69605005
  pitch: 0.39341038
lastlocation:
  world: bwsolo4
  x: -64.45303958907154
  y: -9.790658952454471
  z: -17.24253559777886
  yaw: -48.250908
  pitch: 29.1431
