lastAccountName: wutdis
timestamps:
  login: 1675108135947
  logout: 1675109008778
ipAddress: 127.0.0.1
lastlocation:
  world: bwsolo4
  x: -14.300000011920924
  y: -10.404447471036487
  z: 4.81121353328683
  yaw: 16.049988
  pitch: 53.999996
logoutlocation:
  world: crmapin
  x: 0.5468124523821354
  y: 64.0
  z: 0.4175847184915828
  yaw: 0.69605005
  pitch: 0.39341038
