lastAccountName: DarvlerVigg804
timestamps:
  login: 1675261741710
  logout: 1675261836988
ipAddress: 127.0.0.1
logoutlocation:
  world: crmapin
  x: 0.4143290460345217
  y: 64.0
  z: 0.9592496239988209
  yaw: 13.446051
  pitch: 1.8934107
