lastAccountName: '10_'
timestamps:
  login: 1675102294971
  logout: 1675102689827
ipAddress: 127.0.0.1
logoutlocation:
  world: crmapin
  x: -0.1202733383961286
  y: 62.5
  z: 38.13103990204654
  yaw: 301.29608
  pitch: -3.4500084
