lastAccountName: Kwyle
timestamps:
  login: 1675371304244
  logout: 1675371402949
ipAddress: 127.0.0.1
logoutlocation:
  world: crmapin
  x: 0.05351464737750099
  y: 64.0
  z: 0.23456646571872897
  yaw: -124.40396
  pitch: -26.399994
