lastAccountName: karam
timestamps:
  login: 1675359431064
  logout: 1675359492402
ipAddress: 127.0.0.1
logoutlocation:
  world: crmapin
  x: 0.007784990025724747
  y: 64.0
  z: 0.9786186980634617
  yaw: 86.346085
  pitch: -18.656593
