lastAccountName: Harpooter
timestamps:
  login: 1675291760018
  logout: 1675291956707
ipAddress: 127.0.0.1
logoutlocation:
  world: crmapin
  x: 0.5468124523821354
  y: 64.0
  z: 0.41758471849158285
  yaw: 5.0460505
  pitch: -9.80659
