lastAccountName: DarkWater
timestamps:
  login: 1674672686381
  logout: 1674672695700
ipAddress: 127.0.0.1
logoutlocation:
  world: crmapin
  x: -7.90330539035482
  y: 62.5
  z: 37.19112237518958
  yaw: 150.09607
  pitch: 18.693413
lastlocation:
  world: bwsolo1
  x: -42.29819527164335
  y: -9.791744878263057
  z: -32.862208767571445
  yaw: -10.499908
  pitch: 36.750008
