lastAccountName: Timplin
timestamps:
  login: 1674848380496
  logout: 1674848435503
ipAddress: 127.0.0.1
logoutlocation:
  world: crmapin
  x: -1.9887807754235323
  y: 62.0
  z: 31.559359331761215
  yaw: 162.99606
  pitch: -23.306591
