lastAccountName: Mocha_Latte
timestamps:
  login: 1675789852427
  logout: 1675789970020
ipAddress: 127.0.0.1
logoutlocation:
  world: crmapin
  x: 0.5468124523821354
  y: 64.0
  z: 0.41758471849158285
  yaw: 0.69605005
  pitch: 0.39341038
lastlocation:
  world: bwsolo4
  x: -48.06149040123729
  y: 82.48479957514161
  z: -0.14128479501914862
  yaw: 137.2503
  pitch: 5.6999927
