lastAccountName: Ryan_R
timestamps:
  login: 1675461900629
  logout: 1675462062340
ipAddress: 127.0.0.1
logoutlocation:
  world: crmapin
  x: 0.5468124523821354
  y: 64.0
  z: 0.4175847184915828
  yaw: 0.69605005
  pitch: 0.39341038
lastlocation:
  world: bwsolo1
  x: -32.475923152641116
  y: -10.337820768125205
  z: 70.89463315880748
  yaw: -319.94986
  pitch: -90.0
