lastAccountName: everyoppshot___
timestamps:
  login: 1674682084259
  logout: 1674682255088
ipAddress: 127.0.0.1
logoutlocation:
  world: crmapin
  x: 1.3429854988524097
  y: 62.0
  z: 22.670306246541294
  yaw: 93.696075
  pitch: 16.44341
