lastAccountName: Mr_Dude
timestamps:
  login: 1675305066691
  logout: 1675305142780
ipAddress: 127.0.0.1
logoutlocation:
  world: crmapin
  x: -1.3743869716291985
  y: 65.0
  z: 7.394330097764216
  yaw: 96.40529
  pitch: -6.78776
