lastAccountName: B3T4_F0X
timestamps:
  login: 1675023453392
  logout: 1675026792247
ipAddress: 127.0.0.1
lastlocation:
  world: bwsolo4
  x: -57.44070867436862
  y: -11.08516031384535
  z: -54.07240559391124
  yaw: -322.8
  pitch: 21.150005
logoutlocation:
  world: crmapin
  x: 3.358378987499257
  y: 62.0
  z: 25.67243640118685
  yaw: 9.546051
  pitch: 4.1434107
