lastAccountName: jib
timestamps:
  login: 1675174569390
  logout: 1675174670365
ipAddress: 127.0.0.1
logoutlocation:
  world: crmapin
  x: 1.0785184155031717
  y: 62.0
  z: 22.959294084050093
  yaw: 10.596051
  pitch: 3.2434106
