lastAccountName: EaglEagl731__
timestamps:
  login: 1675357380883
  logout: 1675357470122
ipAddress: 127.0.0.1
logoutlocation:
  world: crmapin
  x: 0.684246030979686
  y: 64.0
  z: 0.9183892534324025
  yaw: 0.5460493
  pitch: 35.549995
lastlocation:
  world: bwsolo4
  x: -81.39904206657154
  y: 81.0
  z: -31.634474317293957
  yaw: -89.10006
  pitch: 4.0500154
