lastAccountName: Dumbnothing
timestamps:
  login: 1675200744213
  logout: 1675201075681
ipAddress: 127.0.0.1
logoutlocation:
  world: crmapin
  x: 0.5468124523821354
  y: 64.0
  z: 0.41758471849158285
  yaw: 0.24605
  pitch: 8.793411
