lastAccountName: Herobrine
timestamps:
  login: 1675200716905
  logout: 1675200828117
ipAddress: 127.0.0.1
logoutlocation:
  world: crmapin
  x: 0.010723016949159336
  y: 64.0
  z: 0.9999010227487299
  yaw: 9.696049
  pitch: 17.043415
