lastAccountName: jimmy10jams
timestamps:
  login: 1675196979242
  logout: 1675199260964
ipAddress: 127.0.0.1
lastlocation:
  world: bwsolo4
  x: 87.69999998807907
  y: 81.28608123157454
  z: -31.74263960909537
  yaw: -277.3501
  pitch: 43.350002
logoutlocation:
  world: crmapin
  x: 0.5468124523821354
  y: 64.0
  z: 0.41758471849158285
  yaw: 0.69605005
  pitch: 0.39341038
