lastAccountName: handylizard
timestamps:
  login: 1675227046602
  logout: 1674637263948
  lastteleport: 1674633659475
ipAddress: 127.0.0.1
lastlocation:
  world: bwsolo4
  x: -77.7911463989359
  y: 81.0
  z: 35.7694856597333
  yaw: -96.150055
  pitch: 27.74999
logoutlocation:
  world: crmapin
  x: 2.158463992117938
  y: 62.0
  z: 29.937090686640712
  yaw: 51.03711
  pitch: 4.7740803
