lastAccountName: huh_yunjin
timestamps:
  login: 1674672776505
  logout: 1674672919739
ipAddress: 127.0.0.1
logoutlocation:
  world: crmapin
  x: 0.5468124523821354
  y: 64.0
  z: 0.4175847184915828
  yaw: 0.69605005
  pitch: 0.39341038
