lastAccountName: Fishboi
timestamps:
  login: 1675367462135
  logout: 1675367569564
ipAddress: 127.0.0.1
logoutlocation:
  world: crmapin
  x: 0.5468124523821354
  y: 64.0
  z: 0.41758471849158285
  yaw: 1.4721388
  pitch: 5.0499425
