lastAccountName: LoBro_OnPerks
timestamps:
  login: 1674749538349
  logout: 1674749901510
ipAddress: 127.0.0.1
logoutlocation:
  world: crmapin
  x: 4.240380219665205
  y: 63.0
  z: 39.698882378306756
  yaw: -263.15396
  pitch: -90.0
