lastAccountName: exnogamer57
timestamps:
  login: 1675373683275
  logout: 1675375082338
ipAddress: 127.0.0.1
logoutlocation:
  world: crmapin
  x: 0.97111241547909
  y: 62.0
  z: 26.18689390309697
  yaw: 2.3460498
  pitch: -2.4565897
lastlocation:
  world: luckyblock
  x: 252.4628826133414
  y: 78.96455249140338
  z: 660.3142863837451
  yaw: 269.72583
  pitch: -2.8499506
