lastAccountName: YeeishYeeg752
timestamps:
  login: 1674676482142
  logout: 1674676489669
ipAddress: 127.0.0.1
logoutlocation:
  world: crmapin
  x: 0.5468124523821354
  y: 64.0
  z: 0.41758471849158285
  yaw: 0.69605005
  pitch: 2.1934106
