lastAccountName: DarvlerEagl542
timestamps:
  login: 1674768402932
  logout: 1674768601125
ipAddress: 127.0.0.1
lastlocation:
  world: bwsolo4
  x: -26.6893967087223
  y: -11.08516031384535
  z: -58.685811095181734
  yaw: 138.90009
  pitch: 55.65001
logoutlocation:
  world: crmapin
  x: 0.5468124523821354
  y: 64.0
  z: 0.4175847184915828
  yaw: 0.69605005
  pitch: 0.39341038
