lastAccountName: suppy
timestamps:
  login: 1674832385769
  logout: 1674832413039
ipAddress: 127.0.0.1
lastlocation:
  world: luckyblock
  x: 354.2175654805398
  y: -1.5297465032305224
  z: 640.6418671188159
  yaw: -201.2334
  pitch: 30.450005
logoutlocation:
  world: crmapin
  x: 0.5468124523821354
  y: 64.0
  z: 0.4175847184915828
  yaw: 0.69605005
  pitch: 0.39341038
