lastAccountName: alian_og
timestamps:
  login: 1674850754948
  logout: 1674851047486
ipAddress: 127.0.0.1
lastlocation:
  world: bwsolo4
  x: -84.69999998807907
  y: 83.08570981137372
  z: -31.692241827616943
  yaw: -89.10006
  pitch: 4.0500154
logoutlocation:
  world: crmapin
  x: 0.5468124523821354
  y: 64.0
  z: 0.41758471849158285
  yaw: 0.69605005
  pitch: 0.39341038
