lastAccountName: Master101
timestamps:
  login: 1675551362253
  logout: 1675551444079
ipAddress: 127.0.0.1
lastlocation:
  world: bwsolo4
  x: -66.92372180648987
  y: 81.0
  z: 29.240668248863464
  yaw: 304.6504
  pitch: 36.899994
logoutlocation:
  world: crmapin
  x: -5.2414859037822925
  y: 62.0
  z: 26.254439119943175
  yaw: 56.046055
  pitch: 29.793413
