lastAccountName: Silver
timestamps:
  login: 1675436754030
  logout: 1675437271904
ipAddress: 127.0.0.1
logoutlocation:
  world: crmapin
  x: 0.5468124523821354
  y: 64.0
  z: 0.4175847184915828
  yaw: 0.69605005
  pitch: 0.39341038
lastlocation:
  world: luckyblock
  x: 378.89318186275955
  y: -0.9397268140589867
  z: 615.7473283803049
  yaw: 179.46667
  pitch: 82.35
