lastAccountName: Erik
timestamps:
  login: 1675565789674
  logout: 1675565906882
ipAddress: 127.0.0.1
logoutlocation:
  world: crmapin
  x: 0.03548741921592646
  y: 64.0
  z: 0.17056664486831408
  yaw: 109.44605
  pitch: 46.499996
