lastAccountName: whatsme
timestamps:
  login: 1675205593704
  logout: 1675205684852
ipAddress: 127.0.0.1
logoutlocation:
  world: crmapin
  x: 2.93396607064489
  y: 62.5
  z: 38.71772788995474
  yaw: -210.95396
  pitch: -4.55659
