lastAccountName: luck_
timestamps:
  login: 1674726656588
  logout: 1674727926828
ipAddress: 127.0.0.1
lastlocation:
  world: bwsolo4
  x: -36.15476018706177
  y: -11.1756368601286
  z: 4.241334656529892
  yaw: -276.75012
  pitch: -74.4
logoutlocation:
  world: crmapin
  x: 0.5468124523821354
  y: 64.0
  z: 0.4175847184915828
  yaw: 0.69605005
  pitch: 0.39341038
