lastAccountName: YeelerYee156
timestamps:
  login: 1675241344740
  logout: 1675241389390
ipAddress: 127.0.0.1
logoutlocation:
  world: crmapin
  x: 0.5312902991384005
  y: 64.0
  z: 0.4218957086887207
  yaw: -348.50397
  pitch: -0.80658984
