lastAccountName: TTrapGod69Rehan
timestamps:
  login: 1674842377642
  logout: 1674842883268
ipAddress: 127.0.0.1
lastlocation:
  world: bwsolo4
  x: -66.59656045014694
  y: 81.0
  z: -30.23412941145434
  yaw: -153.5998
  pitch: 41.099995
logoutlocation:
  world: crmapin
  x: 0.5468124523821354
  y: 64.0
  z: 0.4175847184915828
  yaw: 0.69605005
  pitch: 0.39341038
