lastAccountName: kennedi
timestamps:
  login: 1674671053777
ipAddress: 127.0.0.1
logoutlocation:
  world: bwsolo4
  x: 6.36657421774315
  y: 118.0
  z: 2.431513069302422
  yaw: -93.07251
  pitch: 84.75
