lastAccountName: _VS_
timestamps:
  login: 1675966385943
  logout: 1675966621629
ipAddress: 127.0.0.1
logoutlocation:
  world: crmapin
  x: 0.5468124523821354
  y: 64.0
  z: 0.4175847184915828
  yaw: 0.69605005
  pitch: 0.39341038
lastlocation:
  world: bwsolo4
  x: -69.21207023800368
  y: -9.404447471036473
  z: 17.015837079980766
  yaw: 198.90028
  pitch: 37.35001
