lastAccountName: yezus707
timestamps:
  login: 1675356376913
  logout: 1675357707627
ipAddress: 127.0.0.1
logoutlocation:
  world: crmapin
  x: 0.5468124523821354
  y: 64.0
  z: 0.41758471849158285
  yaw: -20.003952
  pitch: -58.256596
