lastAccountName: kwrze
timestamps:
  login: 1674683450488
  logout: 1674683584087
ipAddress: 127.0.0.1
logoutlocation:
  world: crmapin
  x: -7.305724477936311
  y: 64.0
  z: 3.5243144629896683
  yaw: 117.69606
  pitch: -54.356594
