lastAccountName: BIG_DICKKKK
timestamps:
  login: 1674668093415
  logout: 1674668107033
ipAddress: 127.0.0.1
logoutlocation:
  world: crmapin
  x: 0.5468124523821354
  y: 64.0
  z: 0.41758471849158285
  yaw: -16.403952
  pitch: 10.443411
