lastAccountName: ___
timestamps:
  login: 1675202163219
  logout: 1674835044808
ipAddress: 127.0.0.1
logoutlocation:
  world: crmapin
  x: -3.961883226940356
  y: 62.0
  z: 18.004628392820194
  yaw: 49.746056
  pitch: -25.556591
