lastAccountName: YeeishVool373
timestamps:
  login: 1674672649050
  logout: 1674672792166
ipAddress: 127.0.0.1
logoutlocation:
  world: crmapin
  x: -24.341589965662205
  y: 66.5
  z: 33.90179312180115
  yaw: 178.14607
  pitch: 21.843412
