lastAccountName: Marquise_56a
timestamps:
  login: 1675453753929
  logout: 1675454540348
ipAddress: 127.0.0.1
logoutlocation:
  world: crmapin
  x: 0.5468124523821354
  y: 64.0
  z: 0.4175847184915828
  yaw: 0.69605005
  pitch: 0.39341038
lastlocation:
  world: bwsolo1
  x: -0.15861885479225216
  y: 75.0
  z: 7.159984809719275
  yaw: 189.15004
  pitch: 0.599996
