lastAccountName: zer
timestamps:
  login: 1675099414460
  logout: 1675099958784
ipAddress: 127.0.0.1
lastlocation:
  world: bwsolo4
  x: -64.30000001192093
  y: 80.4807108763317
  z: -37.953889690524946
  yaw: -50.100056
  pitch: 26.999994
logoutlocation:
  world: crmapin
  x: 0.5468124523821354
  y: 64.0
  z: 0.41758471849158285
  yaw: -2.7539504
  pitch: -90.0
