lastAccountName: HELLO
timestamps:
  login: 1675455130893
  logout: 1675456277395
ipAddress: 127.0.0.1
logoutlocation:
  world: crmapin
  x: 0.5468124523821354
  y: 64.0
  z: 0.4175847184915828
  yaw: 0.69605005
  pitch: 0.39341038
lastlocation:
  world: bwsolo4
  x: 32.01597254533491
  y: 81.0
  z: -77.2045784029592
  yaw: -1.3499329
  pitch: 5.099997
