lastAccountName: Spikey
timestamps:
  login: 1675343241742
  logout: 1675343376717
ipAddress: 127.0.0.1
logoutlocation:
  world: crmapin
  x: -0.8753255577079355
  y: 62.0
  z: 15.592203732756575
  yaw: 37.896053
  pitch: -47.306595
