lastAccountName: DarverYigg326___
timestamps:
  login: 1674835953389
  logout: 1674836289774
ipAddress: 127.0.0.1
lastlocation:
  world: bwsolo4
  x: -61.472120126501196
  y: -10.77376503391926
  z: -25.90444110496706
  yaw: -205.20012
  pitch: 11.099993
logoutlocation:
  world: crmapin
  x: 0.5468124523821354
  y: 64.0
  z: 0.4175847184915828
  yaw: 0.69605005
  pitch: 0.39341038
