lastAccountName: Daydaydoodooman
timestamps:
  login: 1674740896428
  logout: 1674741547327
ipAddress: 127.0.0.1
lastlocation:
  world: bwsolo4
  x: -31.35355882565785
  y: 81.0
  z: -78.2896269196676
  yaw: -0.74993896
  pitch: -2.0999985
logoutlocation:
  world: crmapin
  x: 0.5468124523821354
  y: 64.0
  z: 0.4175847184915828
  yaw: 0.69605005
  pitch: 0.39341038
