lastAccountName: TTrapGod_rehan
timestamps:
  login: 1674755070867
  logout: 1674755169009
ipAddress: 127.0.0.1
logoutlocation:
  world: crmapin
  x: 6.903219663813866
  y: 63.0
  z: 39.164528085663356
  yaw: -197.15396
  pitch: 23.099995
lastlocation:
  world: bwsolo1
  x: -100.44354677090386
  y: -10.5161338643052
  z: 66.21839751138273
  yaw: -19.5
  pitch: 56.699997
