lastAccountName: XiolIng_
timestamps:
  login: 1675449427916
  logout: 1675449447820
ipAddress: 127.0.0.1
logoutlocation:
  world: crmapin
  x: 0.541722022633862
  y: 64.0
  z: 0.9751753999654258
  yaw: 0.69605005
  pitch: 0.39341038
lastlocation:
  world: bwsolo4
  x: -38.26047281117944
  y: -9.541471873709789
  z: -61.44206816355256
  yaw: -158.99994
  pitch: -26.10001
