lastAccountName: ViggYee99521
timestamps:
  login: 1675448745853
  logout: 1675448783101
ipAddress: 127.0.0.1
logoutlocation:
  world: crmapin
  x: 0.5420771689084972
  y: 64.0
  z: 0.9457775445726311
  yaw: -135.95396
  pitch: 8.343411
