lastAccountName: YeeishDeev40590
timestamps:
  login: 1674676504492
  logout: 1674676632765
ipAddress: 127.0.0.1
logoutlocation:
  world: crmapin
  x: 7.264032160287492
  y: 63.0
  z: 38.42440232475269
  yaw: -6.2039504
  pitch: -2.90659
lastlocation:
  world: bwsolo4
  x: -74.0033999208373
  y: -9.15526039229179
  z: -18.17933389431547
  yaw: 28.650024
  pitch: 39.00002
