lastAccountName: ViggDeev412
timestamps:
  login: 1674845673317
  logout: 1674846505139
ipAddress: 127.0.0.1
logoutlocation:
  world: crmapin
  x: 7.420740958958685
  y: 62.0
  z: 16.738205167950866
  yaw: 231.84613
  pitch: 0.449992
