lastAccountName: EaglEagl731_wwww
timestamps:
  login: 1675359499593
  logout: 1675359612304
ipAddress: 127.0.0.1
logoutlocation:
  world: crmapin
  x: 0.8955525874609087
  y: 64.0
  z: 0.9385041401888448
  yaw: -39.503952
  pitch: 76.2
