lastAccountName: DarverDeev583
timestamps:
  login: 1674671041267
ipAddress: 127.0.0.1
logoutlocation:
  world: crmapin
  x: -25.353606197846467
  y: 66.5
  z: 32.7709011501499
  yaw: 236.04608
  pitch: 19.499996
