lastAccountName: DeevYeer106
timestamps:
  login: 1674676193733
  logout: 1674676222821
ipAddress: 127.0.0.1
logoutlocation:
  world: crmapin
  x: 5.361898061421739
  y: 62.5
  z: 37.33647649628334
  yaw: -54.95398
  pitch: 4.443411
