lastAccountName: coolmanxd_555
timestamps:
  login: 1674626256335
  logout: 1674626328623
ipAddress: 127.0.0.1
logoutlocation:
  world: crmapin
  x: 1.3695721833529593
  y: 64.0
  z: 6.16546338593175
  yaw: 19.596052
  pitch: 34.593414
