lastAccountName: YeelerYeer782
timestamps:
  login: 1675453065733
ipAddress: 127.0.0.1
lastlocation:
  world: bwsolo1
  x: -77.69999998807907
  y: 74.91999998688698
  z: 11.300000011920925
  yaw: -225.15
  pitch: 16.949997
logoutlocation:
  world: crmapin
  x: 0.5468124523821354
  y: 64.0
  z: 0.41758471849158285
  yaw: 9.39605
  pitch: -22.856592
