lastAccountName: big_black_nigg
timestamps:
  login: 1674765310518
  logout: 1674765316132
ipAddress: 127.0.0.1
logoutlocation:
  world: crmapin
  x: 0.5468124523821354
  y: 64.0
  z: 0.41758471849158285
  yaw: -34.55395
  pitch: 47.643414
