lastAccountName: benjaminseats
timestamps:
  login: 1675285907483
  logout: 1675286002032
ipAddress: 127.0.0.1
logoutlocation:
  world: crmapin
  x: 0.5257404821273157
  y: 64.0
  z: 1.904128110678185
  yaw: -96.50396
  pitch: -19.106592
