lastAccountName: Chax
timestamps:
  login: 1675260723483
  logout: 1675260840726
  lastteleport: 1675252375110
ipAddress: 127.0.0.1
logoutlocation:
  world: crmapin
  x: 0.5468124523821354
  y: 64.0
  z: 0.4175847184915828
  yaw: 0.69605005
  pitch: 0.39341038
lastlocation:
  world: crmapin
  x: -12.733409639305501
  y: 60.0
  z: -4.411288243074589
  yaw: 343.59607
  pitch: -8.15659
