lastAccountName: goku7777
timestamps:
  login: 1674752198139
  logout: 1674752488780
ipAddress: 127.0.0.1
logoutlocation:
  world: crmapin
  x: 0.5468124523821354
  y: 64.0
  z: 0.4175847184915828
  yaw: 0.69605005
  pitch: 0.39341038
lastlocation:
  world: bwsolo1
  x: -92.6312583577149
  y: -10.08516031384535
  z: 81.21516947811968
  yaw: -328.66458
  pitch: -51.269505
