lastAccountName: monkeyboy
timestamps:
  login: 1675189274927
  logout: 1675189435800
ipAddress: 127.0.0.1
logoutlocation:
  world: crmapin
  x: 6.092800394329156
  y: 62.5
  z: 36.99211125394407
  yaw: -48.803955
  pitch: 13.893412
