lastAccountName: Jenka1
timestamps:
  login: 1675439161759
  logout: 1675440259110
ipAddress: 127.0.0.1
lastlocation:
  world: luckyblock
  x: 381.2976787417158
  y: 77.5
  z: 590.4683887476132
  yaw: -0.38338014
  pitch: -3.8999977
logoutlocation:
  world: crmapin
  x: 0.5468124523821354
  y: 64.0
  z: 0.41758471849158285
  yaw: 0.69605005
  pitch: 0.39341038
