lastAccountName: CraftHelloLP
timestamps:
  login: 1646215849411
  logout: 1646215886591
ipAddress: 103.146.224.78
logoutlocation:
  world: crmapin
  x: 0.5468124523821354
  y: 64.0
  z: 0.4175847184915828
  yaw: 0.69605005
  pitch: 0.39341038
