lastAccountName: ogression_
timestamps:
  login: 1675166875901
  logout: 1675166898399
ipAddress: 127.0.0.1
logoutlocation:
  world: crmapin
  x: 0.5468124523821354
  y: 64.0
  z: 0.41758471849158285
  yaw: 17.94605
  pitch: 22.443413
