lastAccountName: These_Nuts
timestamps:
  login: 1675105947080
  logout: 1675105974990
ipAddress: 127.0.0.1
logoutlocation:
  world: crmapin
  x: -1.630219075805329
  y: 62.0
  z: 30.732917997999394
  yaw: 136.44606
  pitch: 15.693412
lastlocation:
  world: bwsolo1
  x: -95.55703332501743
  y: -10.984918358733223
  z: -15.50934334711481
  yaw: -0.6985263
  pitch: 7.800009
