lastAccountName: Sword
timestamps:
  login: 1675788887265
  logout: 1675788912342
ipAddress: 127.0.0.1
logoutlocation:
  world: crmapin
  x: 0.5468124523821354
  y: 64.0
  z: 0.41758471849158285
  yaw: 18.096052
  pitch: -90.0
lastlocation:
  world: bwsolo4
  x: -69.82376470523093
  y: 81.05489334703208
  z: 30.34447050722791
  yaw: -273.05804
  pitch: 19.16856
