lastAccountName: Puro
timestamps:
  login: 1674692062178
  logout: 1674692084566
ipAddress: 127.0.0.1
logoutlocation:
  world: crmapin
  x: 0.8116864484337007
  y: 62.0
  z: 23.43024990766721
  yaw: 1.2960501
  pitch: -2.1565897
