lastAccountName: EaglerDarver341
timestamps:
  login: 1675445088983
  logout: 1675445207852
ipAddress: 127.0.0.1
logoutlocation:
  world: crmapin
  x: 0.3625709006194453
  y: 64.0
  z: 0.005736298416177732
  yaw: -11.6039505
  pitch: 24.993414
