lastAccountName: Jenka
timestamps:
  login: 1675444279819
  logout: 1675444359091
ipAddress: 127.0.0.1
logoutlocation:
  world: crmapin
  x: 0.5468124523821354
  y: 64.0
  z: 0.4175847184915828
  yaw: 0.69605005
  pitch: 0.39341038
lastlocation:
  world: bwsolo1
  x: -102.88805742166736
  y: 71.10408037809304
  z: 65.09373644216923
  yaw: 45.600067
  pitch: 16.049997
