lastAccountName: VoolEagl79__
timestamps:
  login: 1675535047439
  logout: 1675535050976
ipAddress: 127.0.0.1
logoutlocation:
  world: crmapin
  x: 0.5468124523821354
  y: 64.0
  z: 0.41758471849158285
  yaw: 2.3460503
  pitch: -4.55659
lastlocation:
  world: luckyblock
  x: 313.94212130005246
  y: -2.2669467855605085
  z: 619.0895630838754
  yaw: 348.3869
  pitch: -90.0
