lastAccountName: ViggYigg346
timestamps:
  login: 1675187936663
  logout: 1675188010947
ipAddress: 127.0.0.1
logoutlocation:
  world: crmapin
  x: 0.5468124523821354
  y: 64.0
  z: 0.41758471849158285
  yaw: -3.9539504
  pitch: -40.106594
