lastAccountName: steve_the_goat
timestamps:
  login: 1675561009896
  logout: 1675561027535
ipAddress: 127.0.0.1
logoutlocation:
  world: crmapin
  x: 0.9361784543759073
  y: 64.0
  z: 0.9465639248680198
  yaw: -36.353954
  pitch: 7.743411
