lastAccountName: hihi
timestamps:
  login: 1675130017315
  logout: 1675129994889
ipAddress: 127.0.0.1
logoutlocation:
  world: crmapin
  x: 0.3250808761488278
  y: 64.0
  z: 10.662813469048515
  yaw: 3.9960504
  pitch: 27.093412
