lastAccountName: YeeishEagl954
timestamps:
  login: 1675453904810
  logout: 1675454540348
ipAddress: 127.0.0.1
lastlocation:
  world: bwsolo1
  x: -74.06562994415228
  y: -10.5161338643052
  z: 70.27114122573104
  yaw: 60.00006
  pitch: -36.450012
logoutlocation:
  world: crmapin
  x: 0.5468124523821354
  y: 64.0
  z: 0.4175847184915828
  yaw: 0.69605005
  pitch: 0.39341038
