lastAccountName: ppppppplol
timestamps:
  login: 1674755295075
  logout: 1674755318949
ipAddress: 127.0.0.1
logoutlocation:
  world: crmapin
  x: 6.603036378328854
  y: 62.5
  z: 36.88487965449784
  yaw: -64.25395
  pitch: 42.843414
