lastAccountName: YiggYeer469
timestamps:
  login: 1675266021431
  logout: 1675266041041
ipAddress: 127.0.0.1
logoutlocation:
  world: crmapin
  x: 0.5389958046656869
  y: 64.0
  z: 0.9457110481622442
  yaw: -18.803951
  pitch: -53.156593
