lastAccountName: Alexandra_star
timestamps:
  login: 1675290964049
  logout: 1675291046216
ipAddress: 127.0.0.1
logoutlocation:
  world: crmapin
  x: 0.015977651488244593
  y: 64.0
  z: 0.9740218276773311
  yaw: -258.65396
  pitch: -79.35
