lastAccountName: wefuweyweryieur
timestamps:
  login: 1674839664192
  logout: 1674839682681
ipAddress: 127.0.0.1
logoutlocation:
  world: crmapin
  x: 1.7148757266698829
  y: 62.0625
  z: 34.290372402718546
  yaw: -26.003952
  pitch: 10.293411
