lastAccountName: DarvlerYeer336
timestamps:
  login: 1674672440224
  logout: 1674672602320
ipAddress: 127.0.0.1
logoutlocation:
  world: crmapin
  x: -30.259453662389216
  y: 67.5
  z: 36.63201990232952
  yaw: 45.396088
  pitch: 6.093411
