lastAccountName: YeerYeeish558
timestamps:
  login: 1675260702631
  logout: 1675260710859
ipAddress: 127.0.0.1
logoutlocation:
  world: crmapin
  x: 0.5468124523821354
  y: 64.0
  z: 0.41758471849158285
  yaw: 0.54605
  pitch: -0.056589656
