lastAccountName: papikevin
timestamps:
  login: 1675463723563
  logout: 1675463769991
ipAddress: 127.0.0.1
logoutlocation:
  world: crmapin
  x: 0.5468124523821354
  y: 64.0
  z: 0.4175847184915828
  yaw: 0.69605005
  pitch: 0.39341038
lastlocation:
  world: bwsolo1
  x: -103.27637241464092
  y: -9.939726814058993
  z: -46.55210131723777
  yaw: 175.05017
  pitch: 36.599995
