lastAccountName: ViggYee995
timestamps:
  login: 1675101899398
  logout: 1675101983315
ipAddress: 127.0.0.1
logoutlocation:
  world: crmapin
  x: 0.5266874976191732
  y: 64.0
  z: 4.080043437976472
  yaw: 36.096054
  pitch: 38.793415
