lastAccountName: why
timestamps:
  login: 1674832761652
  logout: 1674832787313
ipAddress: 127.0.0.1
logoutlocation:
  world: crmapin
  x: 0.5468124523821354
  y: 64.0
  z: 0.4175847184915828
  yaw: 0.69605005
  pitch: 0.39341038
lastlocation:
  world: bwsolo4
  x: -62.6629154131453
  y: -9.404447471036473
  z: -20.2522894789582
  yaw: 152.40015
  pitch: 39.299995
