lastAccountName: aki
timestamps:
  login: 1675299807970
  logout: 1675299925550
ipAddress: 127.0.0.1
logoutlocation:
  world: crmapin
  x: 0.37497602030253174
  y: 64.0
  z: 0.9956351993844015
  yaw: 19.14605
  pitch: 88.8
