lastAccountName: Dylan69
timestamps:
  login: 1675461890417
  logout: 1675462049315
ipAddress: 127.0.0.1
lastlocation:
  world: bwsolo1
  x: -111.30136359855535
  y: -10.5161338643052
  z: 68.19968218182532
  yaw: -35.25006
  pitch: -46.50001
logoutlocation:
  world: crmapin
  x: 0.5468124523821354
  y: 64.0
  z: 0.4175847184915828
  yaw: 0.69605005
  pitch: 0.39341038
