lastAccountName: YeelerYeer647
timestamps:
  login: 1675458969283
  logout: 1675459308468
ipAddress: 127.0.0.1
logoutlocation:
  world: crmapin
  x: 0.5468124523821354
  y: 64.0
  z: 0.41758471849158285
  yaw: 66.096054
  pitch: 26.793413
lastlocation:
  world: bwsolo4
  x: -1.00458878977756
  y: -10.404447471036487
  z: -9.813413029157825
  yaw: 99.6001
  pitch: 60.45
