lastAccountName: your_mom
timestamps:
  login: 1675443057604
  logout: 1675443936331
ipAddress: 127.0.0.1
lastlocation:
  world: bwsolo4
  x: -46.63094031649814
  y: -10.958147378025924
  z: -55.9047209915909
  yaw: 235.5
  pitch: 7.5000157
logoutlocation:
  world: crmapin
  x: -1.5124434138065248
  y: 62.0
  z: 20.593869330213813
  yaw: 182.04608
  pitch: 2.3434105
