lastAccountName: ppman_xxxvid
timestamps:
  login: 1674752394716
  logout: 1674753620541
ipAddress: 127.0.0.1
logoutlocation:
  world: crmapin
  x: 0.5468124523821354
  y: 64.0
  z: 0.41758471849158285
  yaw: 9.546051
  pitch: -0.8065897
