lastAccountName: HydraHelloYT
timestamps:
  login: 1641024928325
  logout: 1641025199563
ipAddress: 103.146.224.78
logoutlocation:
  world: crmapin
  x: 0.5117556052691334
  y: 60.0
  z: 0.5311409586114493
  yaw: 179.72012
  pitch: 0.4960806
