lastAccountName: DarvlerYee582
timestamps:
  login: 1675281266760
  logout: 1675281369058
ipAddress: 127.0.0.1
logoutlocation:
  world: crmapin
  x: 0.988198272038135
  y: 64.0
  z: 0.6028181165477882
  yaw: -31.403954
  pitch: 0.3000081
