lastAccountName: amongusbooty
timestamps:
  login: 1674754110937
  logout: 1674754726074
ipAddress: 127.0.0.1
lastlocation:
  world: bwsolo4
  x: -41.208673638643305
  y: -11.271260592675894
  z: -59.814429846844895
  yaw: 4.049949
  pitch: 25.199995
logoutlocation:
  world: crmapin
  x: -6.307689867014346
  y: 64.0
  z: 1.1481549354340799
  yaw: 340.7461
  pitch: 50.343414
