lastAccountName: uhhhhh_your_mom
timestamps:
  login: 1675449294526
  logout: 1675449356874
ipAddress: 127.0.0.1
logoutlocation:
  world: crmapin
  x: 36.42976340689763
  y: 62.0
  z: 12.192901846607068
  yaw: -96.053955
  pitch: 26.643414
