lastAccountName: Big_Linda
timestamps:
  login: 1675344006796
  logout: 1675344098603
ipAddress: 127.0.0.1
logoutlocation:
  world: crmapin
  x: -2.5615744954627733
  y: 62.0
  z: 25.120472894284983
  yaw: -3.9539504
  pitch: 9.093411
