lastAccountName: XiolIng__
timestamps:
  login: 1675452059187
  logout: 1675452409452
ipAddress: 127.0.0.1
logoutlocation:
  world: crmapin
  x: 0.5468124523821354
  y: 64.0
  z: 0.4175847184915828
  yaw: 0.69605005
  pitch: 0.39341038
lastlocation:
  world: bwsolo4
  x: -79.15350285323215
  y: 81.0
  z: -33.446940154276874
  yaw: -112.49988
  pitch: -0.15000807
