lastAccountName: timmm
timestamps:
  login: 1675457668827
  logout: 1675457694196
ipAddress: 127.0.0.1
logoutlocation:
  world: crmapin
  x: 0.04680752544941602
  y: 64.0
  z: 0.7957468849590938
  yaw: -307.10397
  pitch: 23.55001
