lastAccountName: Jaxxy
timestamps:
  login: 1675191304301
  logout: 1675191328236
  lastteleport: 1674617470107
ipAddress: 127.0.0.1
logoutlocation:
  world: crmapin
  x: 2.273439972650268
  y: 64.0
  z: 4.513316856769864
  yaw: -0.20395003
  pitch: 36.993412
lastlocation:
  world: luckyblock
  x: 373.022472735973
  y: -1.9766010484552865
  z: 602.2179364017259
  yaw: -88.64952
  pitch: 33.749996
