lastAccountName: YeegVool499
timestamps:
  login: 1675479759408
  logout: 1675479909087
ipAddress: 127.0.0.1
logoutlocation:
  world: crmapin
  x: 0.761314768304365
  y: 64.0
  z: 9.51171872794786
  yaw: 256.29608
  pitch: -14.5499935
