lastAccountName: Why_Am_I_Alive
timestamps:
  login: 1674683815356
  logout: 1674684209427
ipAddress: 127.0.0.1
logoutlocation:
  world: crmapin
  x: 39.091536246547236
  y: 51.0
  z: -69.32409346606879
  yaw: 269.10208
  pitch: 18.900002
