lastAccountName: DarvlerEagler622
timestamps:
  login: 1675683818811
  logout: 1675684061090
ipAddress: 127.0.0.1
logoutlocation:
  world: crmapin
  x: 3.400400976208045
  y: 62.0
  z: 25.285923128752515
  yaw: 56.946075
  pitch: 22.499994
