lastAccountName: AhHELLNAHWTFMANw
timestamps:
  login: 1675449245540
  logout: 1675449356874
ipAddress: 127.0.0.1
logoutlocation:
  world: crmapin
  x: 16.044862868106947
  y: 11.354255641323558
  z: -53.07483869315662
  yaw: -180.05397
  pitch: 23.643412
