lastAccountName: solanuscasey
timestamps:
  login: 1675536462283
  logout: 1675537548529
ipAddress: 127.0.0.1
logoutlocation:
  world: crmapin
  x: 0.14106108728639075
  y: 64.0
  z: 0.2751775610688546
  yaw: 174.99606
  pitch: 11.493411
lastlocation:
  world: luckyblock
  x: 375.14062987250907
  y: -0.9397268140589867
  z: 608.3106991459414
  yaw: -313.20062
  pitch: 78.75
