lastAccountName: These_Nuts___
timestamps:
  login: 1675117327954
  logout: 1675117353682
ipAddress: 127.0.0.1
logoutlocation:
  world: crmapin
  x: 3.524603688141651
  y: 63.0
  z: 39.78694739291713
  yaw: 75.996056
  pitch: 38.043415
