lastAccountName: lo_38bxby
timestamps:
  login: 1674671014363
ipAddress: 127.0.0.1
logoutlocation:
  world: crmapin
  x: 3.1841615996800705
  y: 62.0
  z: 17.02882312911775
  yaw: 290.49606
  pitch: -27.299994
