lastAccountName: ViggYeeler628
timestamps:
  login: 1675373384171
  logout: 1675373499731
ipAddress: 127.0.0.1
logoutlocation:
  world: crmapin
  x: 0.28941666614108974
  y: 64.0
  z: 0.9892130611716503
  yaw: 9.996051
  pitch: 15.243412
