lastAccountName: GOD
timestamps:
  login: 1675197385416
  logout: 1675197849917
ipAddress: 127.0.0.1
logoutlocation:
  world: crmapin
  x: 0.5468124523821354
  y: 64.0
  z: 0.4175847184915828
  yaw: 0.69605005
  pitch: 0.39341038
lastlocation:
  world: bwsolo4
  x: -67.80209969477539
  y: -9.404447471036473
  z: -21.356779461089705
  yaw: 52.950073
  pitch: 58.050014
