lastAccountName: dadd44
timestamps:
  login: 1675112928618
  logout: 1675112937684
ipAddress: 127.0.0.1
logoutlocation:
  world: crmapin
  x: 0.5468124523821354
  y: 64.0
  z: 0.41758471849158285
  yaw: 13.596051
  pitch: -58.706596
