lastAccountName: Odawg021
timestamps:
  login: 1675107397847
  logout: 1675107537591
ipAddress: 127.0.0.1
logoutlocation:
  world: crmapin
  x: 2.665566143035652
  y: 62.0
  z: 22.852215640024124
  yaw: -309.804
  pitch: -12.506591
