lastAccountName: NotJovaniGT
timestamps:
  login: 1674780337522
  logout: 1674780423523
ipAddress: 127.0.0.1
logoutlocation:
  world: crmapin
  x: 0.5468124523821354
  y: 64.0
  z: 0.41758471849158285
  yaw: 7.199435
  pitch: -4.6414685
