lastAccountName: XlilronaX
timestamps:
  login: 1674757427166
  logout: 1674758547777
ipAddress: 127.0.0.1
logoutlocation:
  world: crmapin
  x: 0.5468124523821354
  y: 64.0
  z: 0.41758471849158285
  yaw: 0.69605005
  pitch: 0.39341038
lastlocation:
  world: bwsolo4
  x: -47.65885526393038
  y: 81.0
  z: -1.50436291462452
  yaw: 10.950195
  pitch: 7.950009
