lastAccountName: timmmmmm
timestamps:
  login: 1675457725151
  logout: 1675458659447
ipAddress: 127.0.0.1
lastlocation:
  world: bwsolo1
  x: -100.47982294488492
  y: -10.5161338643052
  z: -60.69745269971761
  yaw: -154.79999
  pitch: 61.05
logoutlocation:
  world: crmapin
  x: 0.5468124523821354
  y: 64.0
  z: 0.4175847184915828
  yaw: 0.69605005
  pitch: 0.39341038
