lastAccountName: VoolVigg473
timestamps:
  login: 1674671314760
ipAddress: 127.0.0.1
logoutlocation:
  world: crmapin
  x: 4.992963997776293
  y: 65.0
  z: 7.497193832537331
  yaw: 90.09606
  pitch: 35.793415
