lastAccountName: YeeishEagl826
timestamps:
  login: 1675343658437
  logout: 1675343670210
ipAddress: 127.0.0.1
logoutlocation:
  world: crmapin
  x: 0.6080963764831402
  y: 64.0
  z: 0.9476275669354965
  yaw: -4.8539505
  pitch: 7.143411
