lastAccountName: Smartnotsmartsma
timestamps:
  login: 1674676204484
  logout: 1674676414779
ipAddress: 127.0.0.1
lastlocation:
  world: bwsolo4
  x: -71.54787838082179
  y: -9.835973235100667
  z: 13.784062917032966
  yaw: 180.30042
  pitch: -28.049995
logoutlocation:
  world: crmapin
  x: 0.5468124523821354
  y: 64.0
  z: 0.4175847184915828
  yaw: 0.69605005
  pitch: 0.39341038
