lastAccountName: YeelerVigg589
timestamps:
  login: 1675378081217
  logout: 1675378095699
ipAddress: 127.0.0.1
logoutlocation:
  world: crmapin
  x: 0.5468124523821354
  y: 64.0
  z: 0.41758471849158285
  yaw: 0.096049994
  pitch: 4.7434106
