lastAccountName: phart
timestamps:
  login: 1674750398407
  logout: 1674750467381
ipAddress: 127.0.0.1
logoutlocation:
  world: crmapin
  x: -3.2613123512954116
  y: 62.0
  z: 20.074663721290005
  yaw: 50.646053
  pitch: -88.8
