lastAccountName: YeeishDarver222
timestamps:
  login: 1674669275832
  logout: 1674669291226
ipAddress: 127.0.0.1
logoutlocation:
  world: crmapin
  x: 0.5468124523821354
  y: 64.0
  z: 0.41758471849158285
  yaw: -22.703953
  pitch: -55.406593
