lastAccountName: EaglEagler499
timestamps:
  login: 1674771409825
  logout: 1674771546610
ipAddress: 127.0.0.1
logoutlocation:
  world: crmapin
  x: 2.9894996337892112
  y: 62.5
  z: 37.572556598624374
  yaw: 228.24606
  pitch: 14.643412
