lastAccountName: Xen
timestamps:
  login: 1675365570046
  logout: 1675365680779
ipAddress: 127.0.0.1
logoutlocation:
  world: crmapin
  x: 3.830740713702203
  y: 62.5
  z: 36.819099498038284
  yaw: -62.003956
  pitch: -3.35659
