lastAccountName: miguel_the_papi_
timestamps:
  login: 1675087932356
  logout: 1675088630045
ipAddress: 127.0.0.1
logoutlocation:
  world: crmapin
  x: 0.5468124523821354
  y: 64.0
  z: 0.4175847184915828
  yaw: 0.69605005
  pitch: 0.39341038
lastlocation:
  world: bwsolo4
  x: -55.57153788506842
  y: -10.835973235100667
  z: -11.894846214090512
  yaw: 349.50024
  pitch: 86.1
