lastAccountName: AbstractJaxon
timestamps:
  login: 1675291381161
  logout: 1675291451433
ipAddress: 127.0.0.1
logoutlocation:
  world: crmapin
  x: 0.8465582333876965
  y: 62.0625
  z: 36.63417022001618
  yaw: -66.053955
  pitch: -9.35659
lastlocation:
  world: luckyblock
  x: 321.4420164481869
  y: -0.6905397353143039
  z: 615.6473977571217
  yaw: 197.11406
  pitch: 71.1167
