lastAccountName: imJustBETTER
timestamps:
  login: 1675275832084
  logout: 1675275944107
ipAddress: 127.0.0.1
logoutlocation:
  world: crmapin
  x: 0.6772735215087861
  y: 64.0
  z: 0.9294396410148735
  yaw: -31.553953
  pitch: 29.099995
