lastAccountName: HellTekky
timestamps:
  login: 1675462813466
  logout: 1675353756584
ipAddress: 127.0.0.1
lastlocation:
  world: bwsolo1
  x: 59.25169252799805
  y: -11.266946785560517
  z: 22.493815480898657
  yaw: -273.92953
  pitch: -25.583202
logoutlocation:
  world: crmapin
  x: 0.5468124523821354
  y: 64.0
  z: 0.4175847184915828
  yaw: 0.69605005
  pitch: 0.39341038
