lastAccountName: YiggYeeler212
timestamps:
  login: 1675890708558
  logout: 1675890728752
ipAddress: 127.0.0.1
logoutlocation:
  world: crmapin
  x: 0.5154166840648867
  y: 62.0
  z: 25.504135486460612
  yaw: 149.04607
  pitch: -2.45659
