lastAccountName: VoolVigg987
timestamps:
  login: 1675124019543
  logout: 1675125119757
ipAddress: 127.0.0.1
logoutlocation:
  world: crmapin
  x: 0.5468124523821354
  y: 64.0
  z: 0.4175847184915828
  yaw: 0.69605005
  pitch: 0.39341038
lastlocation:
  world: luckyblock
  x: 345.5311994915938
  y: -81.35153615042371
  z: 631.4302325377475
  yaw: -59.249516
  pitch: 48.44997
