lastAccountName: ViggDarvler499
timestamps:
  login: 1675174407402
  logout: 1675174622698
ipAddress: 127.0.0.1
logoutlocation:
  world: crmapin
  x: 0.5468124523821354
  y: 64.0
  z: 0.41758471849158285
  yaw: -2.4539502
  pitch: -2.6065898
