lastAccountName: piggybeast
timestamps:
  login: 1675205773990
  logout: 1675205812515
ipAddress: 127.0.0.1
logoutlocation:
  world: crmapin
  x: 0.5420771689084972
  y: 64.0
  z: 0.9457775445726311
  yaw: 0.69605005
  pitch: 0.39341038
