lastAccountName: gary
timestamps:
  login: 1674775334534
  logout: 1674776857636
ipAddress: 127.0.0.1
lastlocation:
  world: bwsolo1
  x: 105.86852345428495
  y: -10.5161338643052
  z: -60.02355580101608
  yaw: -339.44995
  pitch: 62.85
logoutlocation:
  world: crmapin
  x: 0.5468124523821354
  y: 64.0
  z: 0.4175847184915828
  yaw: 0.69605005
  pitch: 0.39341038
