lastAccountName: Bendy
timestamps:
  login: 1674849637376
  logout: 1674849722674
ipAddress: 127.0.0.1
logoutlocation:
  world: crmapin
  x: 3.3481299718233704
  y: 62.0
  z: 25.833634136206037
  yaw: -183.65396
  pitch: -0.749992
