lastAccountName: Bedmaster
timestamps:
  login: 1674672995019
  logout: 1674673047670
ipAddress: 127.0.0.1
logoutlocation:
  world: crmapin
  x: -0.10192479412540546
  y: 62.0625
  z: 29.46424511099445
  yaw: 102.39606
  pitch: -11.60659
