lastAccountName: Hotdog
timestamps:
  login: 1675188250792
ipAddress: 127.0.0.1
lastlocation:
  world: bwsolo4
  x: -78.18432449051224
  y: 81.0
  z: 29.033077546377186
  yaw: 69.45032
  pitch: 13.199993
