lastAccountName: _Dream_
timestamps:
  login: 1675284097376
  logout: 1675284114310
ipAddress: 127.0.0.1
logoutlocation:
  world: crmapin
  x: 0.5430242255969305
  y: 64.0
  z: 0.9410152529201015
  yaw: 0.69605005
  pitch: 0.39341038
