lastAccountName: VoolDeev551
timestamps:
  login: 1674671037733
ipAddress: 127.0.0.1
logoutlocation:
  world: crmapin
  x: -6.837810876747003
  y: 62.0625
  z: 21.87871013682199
  yaw: -40.703953
  pitch: -2.90659
