lastAccountName: poop
timestamps:
  login: 1674667146524
  logout: 1674667429979
ipAddress: 127.0.0.1
logoutlocation:
  world: crmapin
  x: -2.5836928519012967
  y: 62.0625
  z: 27.94508393699936
  yaw: 95.79606
  pitch: 5.943411
