lastAccountName: IAmBlack
timestamps:
  login: 1675265386920
  logout: 1675265406619
ipAddress: 127.0.0.1
logoutlocation:
  world: crmapin
  x: 0.6989463553029446
  y: 64.70194988598277
  z: 0.9986339813210714
  yaw: -24.953953
  pitch: -4.10659
