lastAccountName: kaseyben
timestamps:
  login: 1675100492939
  logout: 1675101154926
ipAddress: 127.0.0.1
logoutlocation:
  world: crmapin
  x: 0.5468124523821354
  y: 64.0
  z: 0.4175847184915828
  yaw: 0.69605005
  pitch: 0.39341038
lastlocation:
  world: bwsolo4
  x: 34.888114347101634
  y: 81.88652302918496
  z: -84.69999998807907
  yaw: 209.25009
  pitch: 5.9999924
