lastAccountName: ViggVool684
timestamps:
  login: 1675310644929
  logout: 1675310659214
ipAddress: 127.0.0.1
logoutlocation:
  world: crmapin
  x: 0.1623759548441788
  y: 62.0625
  z: 29.721449666652056
  yaw: 0.69605005
  pitch: 0.39341038
lastlocation:
  world: luckyblock
  x: 401.74536373340766
  y: -0.9397268140589867
  z: 738.5840669626526
  yaw: -42.299587
  pitch: 26.549994
