lastAccountName: vegetta777
timestamps:
  login: 1674751779325
  logout: 1674752030909
ipAddress: 127.0.0.1
logoutlocation:
  world: crmapin
  x: 7.39741700762163
  y: 62.0
  z: 34.77640056122279
  yaw: 36.396088
  pitch: -0.8065897
