lastAccountName: Noob_Gamer
timestamps:
  login: 1675209997747
  logout: 1675211258250
ipAddress: 127.0.0.1
logoutlocation:
  world: crmapin
  x: 0.33968862308122727
  y: 62.0625
  z: 30.25386420590112
  yaw: 67.44605
  pitch: 49.200012
lastlocation:
  world: bwsolo4
  x: -47.151937816367806
  y: 81.0
  z: -55.42616200815123
  yaw: 227.24998
  pitch: 5.100015
