lastAccountName: ViggYigg894
timestamps:
  login: 1675248082196
  logout: 1675248117078
ipAddress: 127.0.0.1
logoutlocation:
  world: crmapin
  x: -1.1223867565272136
  y: 64.0
  z: 0.7976221913110879
  yaw: -359.15396
  pitch: 4.04999
