lastAccountName: Trom_08
timestamps:
  login: 1675454868676
  logout: 1675456339540
ipAddress: 127.0.0.1
logoutlocation:
  world: crmapin
  x: 0.5468124523821354
  y: 64.0
  z: 0.41758471849158285
  yaw: 0.69605005
  pitch: 0.39341038
lastlocation:
  world: bwsolo4
  x: 17.15926694914318
  y: -9.13427389756177
  z: 60.62365591590501
  yaw: -11.699732
  pitch: 9.449993
