lastAccountName: YeeYeeish98
timestamps:
  login: 1675191272646
  logout: 1675191299720
ipAddress: 127.0.0.1
logoutlocation:
  world: crmapin
  x: -4.607853508595294
  y: 62.5
  z: 36.027588097627216
  yaw: 36.24605
  pitch: -0.35658967
