lastAccountName: AEngie
timestamps:
  login: 1674842792070
  logout: 1674842836432
ipAddress: 127.0.0.1
logoutlocation:
  world: crmapin
  x: -0.1335280979557067
  y: 64.0
  z: 5.365706273581935
  yaw: -138.80399
  pitch: 19.443413
