lastAccountName: Bijju089
timestamps:
  login: 1646576136922
  logout: 1646565230782
ipAddress: 103.146.224.78
logoutlocation:
  world: crmapin
  x: 0.31770459799190004
  y: 63.0
  z: 44.19999998807907
  yaw: 22.44605
  pitch: 4.14341
lastlocation:
  world: bwsolo5
  x: 1.71368575122315
  y: -10.036209807245148
  z: 84.58039481395325
  yaw: 270.44974
  pitch: -20.999994
nickname: Bijju089
money: '100'
