lastAccountName: GOD_kervens
timestamps:
  login: 1675469215588
  logout: 1675469654455
ipAddress: 127.0.0.1
logoutlocation:
  world: crmapin
  x: 0.5468124523821354
  y: 64.0
  z: 0.4175847184915828
  yaw: 0.69605005
  pitch: 0.39341038
lastlocation:
  world: bwsolo1
  x: -102.47903531598037
  y: 73.0
  z: 72.30000001192093
  yaw: 166.50024
  pitch: 43.499996
