lastAccountName: gay_striper69
timestamps:
  login: 1675461135356
  logout: 1675461173847
ipAddress: 127.0.0.1
logoutlocation:
  world: crmapin
  x: 0.7092063645403177
  y: 64.0
  z: 1.2388352605318653
  yaw: 12.546051
  pitch: -85.4066
