lastAccountName: Andy__
timestamps:
  login: 1675353262063
  logout: 1675354555061
ipAddress: 127.0.0.1
lastlocation:
  world: bwsolo1
  x: 67.12347058633387
  y: -11.119412824213422
  z: 1.5492687740223825
  yaw: 274.95044
  pitch: 58.199997
logoutlocation:
  world: crmapin
  x: 0.5468124523821354
  y: 64.0
  z: 0.4175847184915828
  yaw: 0.69605005
  pitch: 0.39341038
