lastAccountName: Leafy14
timestamps:
  login: 1675460517428
  logout: 1675456137581
ipAddress: 127.0.0.1
logoutlocation:
  world: crmapin
  x: 0.5468124523821354
  y: 64.0
  z: 0.4175847184915828
  yaw: 0.69605005
  pitch: 0.39341038
lastlocation:
  world: bwsolo4
  x: 79.60483815618171
  y: 81.0
  z: -34.99914895458032
  yaw: -3.9001465
  pitch: 21.599998
