lastAccountName: XioLing_
timestamps:
  login: 1674844057011
  logout: 1674845084979
ipAddress: 127.0.0.1
lastlocation:
  world: bwsolo4
  x: -40.04750253603417
  y: -9.790658952454471
  z: -22.272084757429877
  yaw: -243.72534
  pitch: -66.15002
logoutlocation:
  world: crmapin
  x: -4.256937665266868
  y: 62.0
  z: 25.462485290547964
  yaw: -26.153952
  pitch: 8.043412
