lastAccountName: everyoppshot____
timestamps:
  login: 1674686124262
  logout: 1674686200623
ipAddress: 127.0.0.1
logoutlocation:
  world: crmapin
  x: -29.09640604152196
  y: 68.0
  z: 37.28305129858468
  yaw: 214.44608
  pitch: 20.493412
