lastAccountName: YeeYeeish791_
timestamps:
  login: 1675276253615
  logout: 1675276293015
ipAddress: 127.0.0.1
logoutlocation:
  world: crmapin
  x: 0.013471200665923777
  y: 64.0
  z: 0.7470671159753408
  yaw: 58.296055
  pitch: 18.093412
