lastAccountName: benjamin
timestamps:
  login: 1675285777121
  logout: 1675285855248
ipAddress: 127.0.0.1
logoutlocation:
  world: crmapin
  x: 0.4067773768402374
  y: 64.0
  z: 0.9871333127210402
  yaw: 24.996052
  pitch: 24.299995
