lastAccountName: Your
timestamps:
  login: 1674668867958
  logout: 1674668876984
ipAddress: 127.0.0.1
logoutlocation:
  world: crmapin
  x: 0.3347695395921785
  y: 62.0
  z: 22.7149123178228
  yaw: -7.1039505
  pitch: 9.393412
