lastAccountName: ROAD
timestamps:
  login: 1675292698163
  logout: 1675293122758
ipAddress: 127.0.0.1
logoutlocation:
  world: crmapin
  x: 3.720227908215496
  y: 62.0
  z: 13.38990909859579
  yaw: 45.696075
  pitch: 3.0934107
