lastAccountName: dream
timestamps:
  login: 1674752512159
  logout: 1674752675366
ipAddress: 127.0.0.1
logoutlocation:
  world: crmapin
  x: -3.2713090198711274
  y: 64.0
  z: 4.144788314578491
  yaw: -14.153952
  pitch: 13.593411
