lastAccountName: TTrapGod_Rehan69
timestamps:
  login: 1674681661151
  logout: 1674681908326
ipAddress: 127.0.0.1
logoutlocation:
  world: crmapin
  x: 6.184704185875221
  y: 62.5
  z: 39.406451169110966
  yaw: -84.95396
  pitch: -90.0
