lastAccountName: mm_
timestamps:
  login: 1675363761759
  logout: 1675363226303
ipAddress: 127.0.0.1
logoutlocation:
  world: crmapin
  x: 0.9864236746366426
  y: 64.0
  z: 1.394185965192813
  yaw: -206.30397
  pitch: 41.643414
