lastAccountName: adolf_hitler____
timestamps:
  login: 1675279596791
  logout: 1675279636334
ipAddress: 127.0.0.1
logoutlocation:
  world: crmapin
  x: 0.6312762668457159
  y: 64.0
  z: 0.9390114088755697
  yaw: -9.653951
  pitch: 15.093411
