lastAccountName: nigbaer
timestamps:
  login: 1675443714275
  logout: 1675444431531
ipAddress: 127.0.0.1
logoutlocation:
  world: crmapin
  x: -1.3458056935969194
  y: 62.0
  z: 19.516673154593704
  yaw: -13.253951
  pitch: -22.256592
