lastAccountName: vici
timestamps:
  login: 1675495773114
  logout: 1675496263837
ipAddress: 127.0.0.1
logoutlocation:
  world: crmapin
  x: 0.1802987802888852
  y: 62.0
  z: 29.543920528875883
  yaw: 355.1461
  pitch: 27.543413
lastlocation:
  world: bwsolo1
  x: 43.343489961834436
  y: -10.5161338643052
  z: 66.08860218916594
  yaw: 64.95007
  pitch: -71.40001
