lastAccountName: VoolDeev158
timestamps:
  login: 1674668937349
  logout: 1674669009784
ipAddress: 127.0.0.1
logoutlocation:
  world: crmapin
  x: 0.5468124523821354
  y: 64.0
  z: 0.41758471849158285
  yaw: -4.40395
  pitch: 17.643412
