lastAccountName: EaglerYee736gfgh
timestamps:
  login: 1675361784469
  logout: 1675362706687
ipAddress: 127.0.0.1
logoutlocation:
  world: crmapin
  x: 0.5604897159541582
  y: 64.0
  z: 0.9454926993904473
  yaw: -74.00396
  pitch: -39.356594
