lastAccountName: yeeish567
timestamps:
  login: 1675561056900
  logout: 1675561878736
ipAddress: 127.0.0.1
lastlocation:
  world: bwsolo1
  x: -43.40910957882003
  y: -11.119412824213422
  z: -60.863557499447275
  yaw: -180.59998
  pitch: 90.0
logoutlocation:
  world: crmapin
  x: 0.5468124523821354
  y: 64.0
  z: 0.4175847184915828
  yaw: 0.69605005
  pitch: 0.39341038
