lastAccountName: TheMasterBaiter
timestamps:
  login: 1674751640998
  logout: 1674752004378
ipAddress: 127.0.0.1
lastlocation:
  world: bwsolo4
  x: -66.22537272369587
  y: -9.404447471036473
  z: -25.33456968757576
  yaw: 250.05005
  pitch: -1.6499835
logoutlocation:
  world: crmapin
  x: -1.1271469788537125
  y: 62.0625
  z: 34.47546544658985
  yaw: 268.1461
  pitch: 36.543415
