lastAccountName: Wyatt
timestamps:
  login: 1675345421322
  logout: 1675345471465
ipAddress: 127.0.0.1
logoutlocation:
  world: crmapin
  x: -0.4840763921823392
  y: 62.0625
  z: 30.00248250617561
  yaw: 3.8460503
  pitch: 11.043411
