lastAccountName: Namtab
timestamps:
  login: 1675198582091
  logout: 1675198635241
ipAddress: 127.0.0.1
logoutlocation:
  world: crmapin
  x: 10.749458748375435
  y: 62.0
  z: 14.595825721760121
  yaw: -176.90399
  pitch: 10.893412
