lastAccountName: EaglYeeg797
timestamps:
  login: 1674773639779
  logout: 1674773684500
ipAddress: 127.0.0.1
logoutlocation:
  world: crmapin
  x: 2.4024500365985832
  y: 62.0
  z: 31.974582788364593
  yaw: 330.54608
  pitch: 6.543411
