lastAccountName: Iheartjae
timestamps:
  login: 1674673346923
  logout: 1674674815847
ipAddress: 127.0.0.1
lastlocation:
  world: bwsolo1
  x: -93.78086542926835
  y: -10.5161338643052
  z: -60.58877055552132
  yaw: -210.90942
  pitch: 43.28093
logoutlocation:
  world: crmapin
  x: 0.5468124523821354
  y: 64.0
  z: 0.4175847184915828
  yaw: 0.69605005
  pitch: 0.39341038
