lastAccountName: Imab0t
timestamps:
  login: 1675455138319
  logout: 1675456299389
ipAddress: 127.0.0.1
logoutlocation:
  world: bwsolo4
  x: 10.195427219272958
  y: -22.84109970341481
  z: 54.526133907626786
  yaw: -73.950134
  pitch: 21.149994
lastlocation:
  world: bwsolo4
  x: 10.195427219272958
  y: -9.03622536013026
  z: 54.526133907626786
  yaw: -73.950134
  pitch: 21.149994
