lastAccountName: k__
timestamps:
  login: 1674853391478
ipAddress: 127.0.0.1
lastlocation:
  world: luckyblock
  x: 336.4022256763505
  y: -0.9397268140589867
  z: 608.3277749688021
  yaw: -100.49953
  pitch: 80.4
logoutlocation:
  world: crmapin
  x: 0.5468124523821354
  y: 64.0
  z: 0.4175847184915828
  yaw: 0.69605005
  pitch: 0.39341038
