lastAccountName: EaglerYeeish779l
timestamps:
  login: 1674675406774
  logout: 1674675420305
ipAddress: 127.0.0.1
logoutlocation:
  world: crmapin
  x: 0.4488196049667056
  y: 64.0
  z: 0.4164008976231733
  yaw: 0.69605005
  pitch: 0.39341038
