lastAccountName: Proxy
timestamps:
  login: 1675355948118
  logout: 1675355970508
ipAddress: 127.0.0.1
logoutlocation:
  world: crmapin
  x: 0.5491800941189544
  y: 64.0
  z: 0.015554552228099927
  yaw: 0.69605005
  pitch: 0.39341038
