lastAccountName: Melvin
timestamps:
  login: 1675283951139
  logout: 1675284180432
ipAddress: 127.0.0.1
logoutlocation:
  world: crmapin
  x: 0.5468124523821354
  y: 64.0
  z: 0.41758471849158285
  yaw: 0.69605005
  pitch: 0.39341038
