lastAccountName: YeeishYeeish405
timestamps:
  login: 1675232132866
  logout: 1675232153829
ipAddress: 127.0.0.1
logoutlocation:
  world: crmapin
  x: 2.178274431443941
  y: 64.0
  z: 4.884413811088015
  yaw: 54.396053
  pitch: -0.056589656
