lastAccountName: DragonDrape
timestamps:
  login: 1675452924436
  logout: 1675453695513
ipAddress: 127.0.0.1
lastlocation:
  world: bwsolo4
  x: -55.926326153509464
  y: -10.334522194821757
  z: -15.107076907951505
  yaw: 158.2503
  pitch: 19.649994
logoutlocation:
  world: crmapin
  x: 0.5468124523821354
  y: 64.0
  z: 0.4175847184915828
  yaw: 0.69605005
  pitch: 0.39341038
