lastAccountName: Vison
timestamps:
  login: 1675555068211
  logout: 1675555745534
ipAddress: 127.0.0.1
lastlocation:
  world: bwsolo1
  x: -102.47492247409313
  y: 71.0
  z: 83.49405567101951
  yaw: -179.7
  pitch: 2.7000039
logoutlocation:
  world: crmapin
  x: 0.5468124523821354
  y: 64.0
  z: 0.41758471849158285
  yaw: 0.69605005
  pitch: 0.39341038
