lastAccountName: DarvlerYee619
timestamps:
  login: 1674751936105
  logout: 1674751978782
ipAddress: 127.0.0.1
logoutlocation:
  world: crmapin
  x: 0.5742468028315216
  y: 64.0
  z: 4.7274595679481415
  yaw: 3.3960505
  pitch: 11.493411
