lastAccountName: DarverDarver288d
timestamps:
  login: 1675446991019
ipAddress: 127.0.0.1
logoutlocation:
  world: crmapin
  x: 0.5419351103596982
  y: 64.0
  z: 0.9825180745283
  yaw: 0.69605005
  pitch: 0.39341038
