lastAccountName: YeegYeer378qq
timestamps:
  login: 1675277343708
  logout: 1675277369694
ipAddress: 127.0.0.1
logoutlocation:
  world: crmapin
  x: 0.5389958046656869
  y: 64.0
  z: 0.9457110481622442
  yaw: 46.296055
  pitch: -9.506591
