lastAccountName: YeerYigg
timestamps:
  login: 1675285081284
  logout: 1675285263871
ipAddress: 127.0.0.1
logoutlocation:
  world: crmapin
  x: 7.247346059549999
  y: 63.0
  z: 38.65240867409482
  yaw: -129.504
  pitch: 24.693413
