lastAccountName: VoolEagl79__1
timestamps:
  login: 1675537448605
  logout: 1675537375818
ipAddress: 127.0.0.1
logoutlocation:
  world: crmapin
  x: 0.5468124523821354
  y: 64.0
  z: 0.4175847184915828
  yaw: 0.69605005
  pitch: 0.39341038
lastlocation:
  world: luckyblock
  x: 312.2975246263448
  y: -0.9397268140589867
  z: 601.4536582460652
  yaw: -336.146
  pitch: 18.60001
