lastAccountName: BananBread
timestamps:
  login: 1674673484994
  logout: 1674673581657
ipAddress: 127.0.0.1
logoutlocation:
  world: crmapin
  x: 0.7711086161470402
  y: 62.0625
  z: 30.466804605402494
  yaw: -0.8039501
  pitch: 49.200012
