lastAccountName: YeelerDeev163
timestamps:
  login: 1675357507517
  logout: 1675349962360
ipAddress: 127.0.0.1
logoutlocation:
  world: crmapin
  x: 0.9771962861477677
  y: 64.0
  z: 0.9407502800318632
  yaw: 131.79607
  pitch: 14.193412
