lastAccountName: Cold
timestamps:
  login: 1674847399189
ipAddress: 127.0.0.1
lastlocation:
  world: bwsolo1
  x: -102.71586721251816
  y: -10.5161338643052
  z: -49.984941198772574
  yaw: -179.84999
  pitch: 81.3
logoutlocation:
  world: crmapin
  x: 5.188562355935884
  y: 62.5
  z: 37.86258273048422
  yaw: 0.8460501
  pitch: 0.39341038
