lastAccountName: miguel_the_papi
timestamps:
  login: 1675470717387
  logout: 1675471125242
ipAddress: 127.0.0.1
logoutlocation:
  world: crmapin
  x: 0.5468124523821354
  y: 64.0
  z: 0.4175847184915828
  yaw: 0.69605005
  pitch: 0.39341038
lastlocation:
  world: bwsolo1
  x: -58.587852843394444
  y: -11.119412824213422
  z: 3.36423754731494
  yaw: 112.05018
  pitch: -32.85001
