lastAccountName: DayDay_Skin
timestamps:
  login: 1674741187378
  logout: 1674741463617
ipAddress: 127.0.0.1
logoutlocation:
  world: crmapin
  x: 0.5468124523821354
  y: 64.0
  z: 0.4175847184915828
  yaw: 0.69605005
  pitch: 0.39341038
lastlocation:
  world: bwsolo4
  x: -55.04983291549506
  y: -9.404447471036473
  z: 25.565132805433628
  yaw: 290.5503
  pitch: 11.850008
