lastAccountName: bobliu
timestamps:
  login: 1674753830630
  logout: 1674753882737
ipAddress: 127.0.0.1
logoutlocation:
  world: crmapin
  x: 3.349650933382498
  y: 62.0
  z: 32.08226153623232
  yaw: 51.546055
  pitch: 3.2999923
