lastAccountName: YiggVigg213
timestamps:
  login: 1675190671948
  logout: 1675190713317
ipAddress: 127.0.0.1
logoutlocation:
  world: crmapin
  x: 4.818836408868142
  y: 62.0
  z: 34.002346338192794
  yaw: 266.34607
  pitch: 6.693411
