lastAccountName: SethGaming
timestamps:
  login: 1675449377311
  logout: 1675449942843
ipAddress: 127.0.0.1
logoutlocation:
  world: crmapin
  x: 0.5468124523821354
  y: 64.0
  z: 0.4175847184915828
  yaw: 0.69605005
  pitch: 0.39341038
lastlocation:
  world: bwsolo4
  x: -78.06885161681103
  y: 81.0
  z: -34.17246677872299
  yaw: 60.937237
  pitch: 19.60905
