lastAccountName: YeeYigg777
timestamps:
  login: 1674876987560
  logout: 1674877098957
ipAddress: 127.0.0.1
logoutlocation:
  world: crmapin
  x: 0.5468124523821354
  y: 64.0
  z: 0.41758471849158285
  yaw: 75.69606
  pitch: 17.643412
