lastAccountName: Alejandro
timestamps:
  login: 1675362309890
  logout: 1675362322749
ipAddress: 127.0.0.1
lastlocation:
  world: bwsolo4
  x: -1.510169304157229
  y: -9.15526039229179
  z: -9.579122146882213
  yaw: 87.72642
  pitch: 53.36161
logoutlocation:
  world: crmapin
  x: 0.5432609897769067
  y: 64.0
  z: 0.8477846971572014
  yaw: 0.69605005
  pitch: 0.39341038
