lastAccountName: ppman_xxxvids
timestamps:
  login: 1674686769181
  logout: 1674688477085
ipAddress: 127.0.0.1
logoutlocation:
  world: crmapin
  x: 0.5468124523821354
  y: 64.0
  z: 0.41758471849158285
  yaw: 0.69605005
  pitch: 0.39341038
