lastAccountName: Mooshroom
timestamps:
  login: 1675108772655
  logout: 1675108886755
ipAddress: 127.0.0.1
lastlocation:
  world: bwsolo4
  x: -66.27201504119432
  y: 81.0
  z: -28.7494347734333
  yaw: -18.762817
  pitch: 23.87835
logoutlocation:
  world: crmapin
  x: 23.03731204225251
  y: 63.0625
  z: 18.926329411351045
  yaw: 228.12726
  pitch: 21.602243
