lastAccountName: jibv
timestamps:
  login: 1675205883089
  logout: 1675205922672
ipAddress: 127.0.0.1
logoutlocation:
  world: crmapin
  x: 0.5430242255969305
  y: 64.0
  z: 0.9410152529201015
  yaw: -37.403954
  pitch: -42.056595
