lastAccountName: VoolVigg796
timestamps:
  login: 1674671344557
ipAddress: 127.0.0.1
logoutlocation:
  world: crmapin
  x: 2.624672045170316
  y: 62.0
  z: 18.246741392014524
  yaw: -284.00397
  pitch: -11.15659
