lastAccountName: YiggEagler069
timestamps:
  login: 1675445459294
  logout: 1675445578145
ipAddress: 127.0.0.1
logoutlocation:
  world: crmapin
  x: 0.5430242255969305
  y: 64.0
  z: 0.9410152529201015
  yaw: -86.90396
  pitch: 14.5499935
