lastAccountName: adolf_hitler
timestamps:
  login: 1674748017643
  logout: 1674748112622
ipAddress: 127.0.0.1
logoutlocation:
  world: crmapin
  x: 6.696204237617167
  y: 62.5
  z: 41.520759649222896
  yaw: -30.653954
  pitch: 4.7434106
