lastAccountName: Vent
timestamps:
  login: 1675372351382
  logout: 1675374596424
ipAddress: 127.0.0.1
logoutlocation:
  world: crmapin
  x: 0.5468124523821354
  y: 64.0
  z: 0.4175847184915828
  yaw: 0.69605005
  pitch: 0.39341038
lastlocation:
  world: bwsolo1
  x: 43.34612364530352
  y: -11.266946785560517
  z: 39.21426554749719
  yaw: 3.300293
  pitch: 26.549994
