lastAccountName: ONQWE
timestamps:
  login: 1675346070309
  logout: 1675346253129
ipAddress: 127.0.0.1
logoutlocation:
  world: crmapin
  x: 3.5350664589074627
  y: 64.5
  z: 6.685036770134664
  yaw: 11.646051
  pitch: -29.906591
