lastAccountName: EaglerYigg481
timestamps:
  login: 1675280640167
  logout: 1675280754451
ipAddress: 127.0.0.1
logoutlocation:
  world: crmapin
  x: -5.746283592838273
  y: 62.0
  z: 30.689980403615984
  yaw: 183.54607
  pitch: 21.99341
lastlocation:
  world: bwsolo4
  x: -46.11905643755536
  y: -9.835973235100667
  z: -56.376809568479615
  yaw: -148.34998
  pitch: 82.95001
