lastAccountName: itz_subs
timestamps:
  login: 1675699820448
  logout: 1675699942434
ipAddress: 127.0.0.1
logoutlocation:
  world: crmapin
  x: 3.902238630179733
  y: 62.0
  z: 26.23987471296116
  yaw: 64.29606
  pitch: 10.893412
