lastAccountName: VoolYeeler955
timestamps:
  login: 1675440090950
  logout: 1675440211390
ipAddress: 127.0.0.1
logoutlocation:
  world: crmapin
  x: 0.9261648515962799
  y: 64.0
  z: 0.6205034983277599
  yaw: -61.853954
  pitch: 63.693417
