lastAccountName: DeevYeer490
timestamps:
  login: 1674845688258
  logout: 1674846269032
ipAddress: 127.0.0.1
logoutlocation:
  world: crmapin
  x: 10.400719581065578
  y: 63.0
  z: 42.62651171671484
  yaw: 271.74606
  pitch: -33.656593
