lastAccountName: saltychip
timestamps:
  login: 1675205275751
  logout: 1675205359994
ipAddress: 127.0.0.1
logoutlocation:
  world: crmapin
  x: 4.431752139848066
  y: 62.5
  z: 36.275001660571334
  yaw: 91.44606
  pitch: 1.2934104
