lastAccountName: Rahim
timestamps:
  login: 1675966272744
  logout: 1675966326337
ipAddress: 127.0.0.1
logoutlocation:
  world: crmapin
  x: 4.594191872978973
  y: 63.0
  z: 41.10143976311189
  yaw: 63.096054
  pitch: 29.643414
