lastAccountName: Kaeden_Flo
timestamps:
  login: 1675454445417
  logout: 1675454521076
ipAddress: 127.0.0.1
lastlocation:
  world: bwsolo4
  x: -82.62022357404723
  y: 81.0
  z: -35.41543593385854
  yaw: -280.49994
  pitch: 32.400005
logoutlocation:
  world: crmapin
  x: 6.770519282782743
  y: 63.0
  z: 38.19530275170121
  yaw: -66.50396
  pitch: 11.793411
