lastAccountName: YeeishDarvler860
timestamps:
  login: 1675364397598
  logout: 1675364433757
ipAddress: 127.0.0.1
lastlocation:
  world: bwsolo4
  x: 0.8104003333210451
  y: -10.864724017717958
  z: -38.4216070540339
  yaw: 178.35022
  pitch: 63.899998
logoutlocation:
  world: crmapin
  x: 0.5087550456251528
  y: 64.0
  z: 0.23973925919983838
  yaw: -65.15395
  pitch: 5.343411
