lastAccountName: Baap_
timestamps:
  login: 1646490847980
  logout: 1646490851641
ipAddress: 103.146.224.78
logoutlocation:
  world: crmapin
  x: -0.49032354709003606
  y: 64.0
  z: 11.38602338341311
  yaw: 9.546051
  pitch: 41.1934
