lastAccountName: hitler
timestamps:
  login: 1675453081555
  logout: 1675453672789
ipAddress: 127.0.0.1
logoutlocation:
  world: crmapin
  x: 0.5468124523821354
  y: 64.0
  z: 0.4175847184915828
  yaw: 0.69605005
  pitch: 0.39341038
lastlocation:
  world: bwsolo4
  x: -31.477237777537947
  y: 81.0
  z: -81.72588826905984
  yaw: -43.34994
  pitch: -4.7999973
