lastAccountName: Bundrakush
timestamps:
  login: 1675868871894
  logout: 1675868939792
ipAddress: 127.0.0.1
logoutlocation:
  world: crmapin
  x: -1.1681091856933064
  y: 62.0
  z: 23.102026976494482
  yaw: -207.80397
  pitch: 7.4434114
