lastAccountName: P__
timestamps:
  login: 1674835274813
  logout: 1674835361946
ipAddress: 127.0.0.1
logoutlocation:
  world: crmapin
  x: -9.577710034936043
  y: 62.0
  z: 14.779320147358584
  yaw: -255.56203
  pitch: -44.315292
lastlocation:
  world: bwsolo4
  x: -60.45982263124047
  y: -11.29679733532529
  z: 25.491130737107806
  yaw: 84.75027
  pitch: -41.249996
