lastAccountName: BIGGDADDYYYYYYYY
timestamps:
  login: 1675353320866
  logout: 1675354470541
ipAddress: 127.0.0.1
logoutlocation:
  world: crmapin
  x: 0.5468124523821354
  y: 64.0
  z: 0.4175847184915828
  yaw: 0.69605005
  pitch: 0.39341038
lastlocation:
  world: bwsolo1
  x: -40.769939964771005
  y: 73.0
  z: -68.00823893729522
  yaw: 204.90027
  pitch: 16.349993
