lastAccountName: Official_KarmaTV
timestamps:
  login: 1675109876596
  logout: 1675112281489
ipAddress: 127.0.0.1
logoutlocation:
  world: crmapin
  x: 0.5468124523821354
  y: 64.0
  z: 0.4175847184915828
  yaw: 0.69605005
  pitch: 0.39341038
lastlocation:
  world: bwsolo4
  x: -36.0773463581975
  y: -10.680393316748372
  z: 66.98779338091134
  yaw: -40.439087
  pitch: 31.787605
