lastAccountName: Bible1
timestamps:
  login: 1675376336637
  logout: 1675376842911
ipAddress: 127.0.0.1
lastlocation:
  world: luckyblock
  x: 381.5226742583282
  y: 78.0
  z: 603.6999999880791
  yaw: -32.783447
  pitch: 22.949993
logoutlocation:
  world: crmapin
  x: 0.5468124523821354
  y: 64.0
  z: 0.4175847184915828
  yaw: 0.69605005
  pitch: 0.39341038
