lastAccountName: god_slayer
timestamps:
  login: 1674760521332
  logout: 1674760480313
ipAddress: 127.0.0.1
logoutlocation:
  world: crmapin
  x: 8.582098924207724
  y: 62.5
  z: 37.55192793343216
  yaw: 46.146053
  pitch: 9.543411
lastlocation:
  world: bwsolo4
  x: -30.9481430151127
  y: -10.958147378025924
  z: -62.41421641515533
  yaw: -179.40007
  pitch: 44.70002
