lastAccountName: PhantomCrow
timestamps:
  login: 1674834140483
  logout: 1674834386085
ipAddress: 127.0.0.1
logoutlocation:
  world: crmapin
  x: -4.696033166959671
  y: 62.5
  z: 38.40069624320765
  yaw: 149.94606
  pitch: 13.293411
