lastAccountName: digbargayraps111
timestamps:
  login: 1674673571780
  logout: 1674674876791
ipAddress: 127.0.0.1
lastlocation:
  world: bwsolo1
  x: -101.2533552710477
  y: -10.5161338643052
  z: 63.291037234394366
  yaw: -60.30002
  pitch: 81.15
logoutlocation:
  world: crmapin
  x: 0.5468124523821354
  y: 64.0
  z: 0.4175847184915828
  yaw: 0.69605005
  pitch: 0.39341038
