lastAccountName: a__
timestamps:
  login: 1675231051887
  logout: 1675231080726
ipAddress: 127.0.0.1
logoutlocation:
  world: crmapin
  x: 0.5420771689084972
  y: 64.0
  z: 0.9457775445726311
  yaw: -21.447838
  pitch: -5.9398875
