lastAccountName: Andy
timestamps:
  login: 1675190800511
  logout: 1675191504709
ipAddress: 127.0.0.1
lastlocation:
  world: luckyblock
  x: 341.0632673164183
  y: -0.9397268140589867
  z: 605.5316868170307
  yaw: 319.56677
  pitch: -1.2000082
logoutlocation:
  world: crmapin
  x: 0.5468124523821354
  y: 64.0
  z: 0.4175847184915828
  yaw: 0.69605005
  pitch: 0.39341038
