lastAccountName: kazuto_kirigaya
timestamps:
  login: 1674772845108
  logout: 1674772904119
ipAddress: 127.0.0.1
logoutlocation:
  world: crmapin
  x: 9.300000011920929
  y: 63.5
  z: 7.526703806939149
  yaw: -82.06901
  pitch: 15.899993
