lastAccountName: alex_pigs_god
timestamps:
  login: 1675112299237
  logout: 1675112653770
ipAddress: 127.0.0.1
logoutlocation:
  world: crmapin
  x: 0.5468124523821354
  y: 64.0
  z: 0.4175847184915828
  yaw: 0.69605005
  pitch: 0.39341038
