lastAccountName: demarisre123
timestamps:
  login: 1675372321631
  logout: 1675374587347
ipAddress: 127.0.0.1
logoutlocation:
  world: crmapin
  x: 0.5468124523821354
  y: 64.0
  z: 0.4175847184915828
  yaw: 0.69605005
  pitch: 0.39341038
lastlocation:
  world: bwsolo4
  x: 34.05036796608843
  y: 81.0
  z: 73.52597337472181
  yaw: -227.70001
  pitch: 16.049994
