lastAccountName: DeevDarvler810
timestamps:
  login: 1675232861999
  logout: 1675233019144
ipAddress: 127.0.0.1
logoutlocation:
  world: crmapin
  x: 0.6774606786592574
  y: 62.5
  z: 37.33277588563911
  yaw: 195.99606
  pitch: 9.993411
