lastAccountName: harry
timestamps:
  login: 1675297440507
ipAddress: 127.0.0.1
lastlocation:
  world: bwsolo4
  x: 7.7060052935379115
  y: -10.404447471036487
  z: 12.763118662100897
  yaw: 349.20032
  pitch: 25.050009
logoutlocation:
  world: crmapin
  x: 0.5468124523821354
  y: 64.0
  z: 0.4175847184915828
  yaw: 0.69605005
  pitch: 0.39341038
