lastAccountName: DeevYee923
timestamps:
  login: 1675294627763
  logout: 1675294721996
ipAddress: 127.0.0.1
logoutlocation:
  world: crmapin
  x: 0.562548364827119
  y: 64.0
  z: 0.9659685191769909
  yaw: 235.29607
  pitch: 19.143414
