lastAccountName: VoolYee397
timestamps:
  login: 1675351152702
  logout: 1675351795180
ipAddress: 127.0.0.1
logoutlocation:
  world: crmapin
  x: 0.5468124523821354
  y: 64.0
  z: 0.4175847184915828
  yaw: 0.69605005
  pitch: 0.39341038
lastlocation:
  world: bwsolo1
  x: -92.9439941803613
  y: -11.119412824213422
  z: -0.4604513046859693
  yaw: 325.05023
  pitch: 5.999992
