lastAccountName: DeevYeeg330
timestamps:
  login: 1675123709636
  logout: 1675123867756
ipAddress: 127.0.0.1
logoutlocation:
  world: crmapin
  x: 0.5468124523821354
  y: 64.0
  z: 0.4175847184915828
  yaw: 0.69605005
  pitch: 0.39341038
