lastAccountName: josephpro7777
timestamps:
  login: 1674775599543
  logout: 1674776824899
ipAddress: 127.0.0.1
lastlocation:
  world: bwsolo1
  x: -101.54570501881996
  y: -9.5161338643052
  z: -60.540841141239355
  yaw: 234.75012
  pitch: 76.049995
logoutlocation:
  world: crmapin
  x: 0.5468124523821354
  y: 64.0
  z: 0.4175847184915828
  yaw: 0.69605005
  pitch: 0.39341038
