lastAccountName: n_gger
timestamps:
  login: 1675181342987
  logout: 1675181408163
ipAddress: 127.0.0.1
logoutlocation:
  world: crmapin
  x: 0.5932888839458739
  y: 62.0
  z: 18.489076223893147
  yaw: -4.7039504
  pitch: 0.09341036
