lastAccountName: YeerYeer689
timestamps:
  login: 1675444194751
  logout: 1675444359091
ipAddress: 127.0.0.1
lastlocation:
  world: luckyblock
  x: 388.8585410585406
  y: -2.5161338643051914
  z: 599.5409783757689
  yaw: -311.03345
  pitch: 47.699997
logoutlocation:
  world: crmapin
  x: 0.5468124523821354
  y: 64.0
  z: 0.4175847184915828
  yaw: 0.69605005
  pitch: 0.39341038
