lastAccountName: Bible
timestamps:
  login: 1675376298705
  logout: 1675367922820
ipAddress: 127.0.0.1
lastlocation:
  world: luckyblock
  x: 321.0165253273608
  y: 78.78889211359062
  z: 598.4577785812279
  yaw: -181.79953
  pitch: 10.949964
logoutlocation:
  world: crmapin
  x: 0.5468124523821354
  y: 64.0
  z: 0.41758471849158285
  yaw: -18.20395
  pitch: 63.543415
