lastAccountName: Username
timestamps:
  login: 1675267363978
  logout: 1675267500093
ipAddress: 127.0.0.1
logoutlocation:
  world: crmapin
  x: -3.4665874995835817
  y: 62.5
  z: 35.4415964232098
  yaw: -356.45398
  pitch: -90.0
