lastAccountName: BubbaChubb360
timestamps:
  login: 1674836289110
  logout: 1674836289774
ipAddress: 127.0.0.1
lastlocation:
  world: bwsolo4
  x: -29.21172569340874
  y: 81.0
  z: -77.444312462686
  yaw: 29.55017
  pitch: 5.5499926
logoutlocation:
  world: crmapin
  x: 0.5468124523821354
  y: 64.0
  z: 0.4175847184915828
  yaw: 0.69605005
  pitch: 0.39341038
