lastAccountName: adeez
timestamps:
  login: 1675295884903
  logout: 1675296651039
ipAddress: 127.0.0.1
lastlocation:
  world: bwsolo4
  x: -63.19571373965353
  y: -9.404447471036473
  z: -43.51178253794666
  yaw: 61.049988
  pitch: -90.0
logoutlocation:
  world: crmapin
  x: 0.5468124523821354
  y: 64.0
  z: 0.4175847184915828
  yaw: 0.69605005
  pitch: 0.39341038
