lastAccountName: YeeDarvler558
timestamps:
  login: 1675182344899
  logout: 1675182358636
ipAddress: 127.0.0.1
logoutlocation:
  world: crmapin
  x: 0.7195065944280588
  y: 64.0
  z: 10.039912582319463
  yaw: 4.8960505
  pitch: 21.093412
