lastAccountName: mm__
timestamps:
  login: 1675363806363
ipAddress: 127.0.0.1
logoutlocation:
  world: crmapin
  x: 0.5468124523821354
  y: 64.0
  z: 0.41758471849158285
  yaw: -29.753952
  pitch: -7.70659
