lastAccountName: AhHELLNAHWTFMAN
timestamps:
  login: 1675387880413
  logout: 1675388566138
ipAddress: 127.0.0.1
logoutlocation:
  world: crmapin
  x: 32.69999998807907
  y: 60.0
  z: 0.30000001192092896
  yaw: 82.746056
  pitch: 56.999996
