lastAccountName: niggaa
timestamps:
  login: 1675357445809
  logout: 1675357470122
ipAddress: 127.0.0.1
lastlocation:
  world: bwsolo4
  x: -34.38693704204164
  y: -11.08516031384535
  z: 63.69865935119175
  yaw: 30.899963
  pitch: 17.700005
logoutlocation:
  world: crmapin
  x: 0.00547306909741152
  y: 64.0
  z: 0.6202069215909373
  yaw: 43.59606
  pitch: -55.856594
