lastAccountName: DEATH_OF_PIG
timestamps:
  login: 1674847642395
  logout: 1674847695738
ipAddress: 127.0.0.1
lastlocation:
  world: bwsolo4
  x: -27.300000011920922
  y: 81.5
  z: -85.69999998807907
  yaw: 50.100086
  pitch: 22.500006
logoutlocation:
  world: crmapin
  x: 6.072575309272548
  y: 62.5
  z: 38.54526149968366
  yaw: -118.25396
  pitch: 7.743411
