lastAccountName: everyoppshot
timestamps:
  login: 1674675228873
  logout: 1674675566957
ipAddress: 127.0.0.1
lastlocation:
  world: bwsolo4
  x: -67.71377592955886
  y: 81.0
  z: -32.84515754942768
  yaw: -287.6051
  pitch: 3.2999923
logoutlocation:
  world: crmapin
  x: 0.5468124523821354
  y: 64.0
  z: 0.4175847184915828
  yaw: 0.69605005
  pitch: 0.39341038
