lastAccountName: _Mending_
timestamps:
  login: 1675389517084
  logout: 1675389584780
ipAddress: 127.0.0.1
lastlocation:
  world: bwsolo4
  x: -64.96834035160114
  y: -10.271260592675901
  z: -39.94443923624685
  yaw: 19.919434
  pitch: -90.0
logoutlocation:
  world: crmapin
  x: 1.576444288604878
  y: 64.0
  z: 2.392028161606402
  yaw: -35.860306
  pitch: 15.500521
