lastAccountName: Kriden
timestamps:
  login: 1675454094418
  logout: 1675454521076
ipAddress: 127.0.0.1
logoutlocation:
  world: crmapin
  x: -15.268644725080755
  y: 63.0
  z: 7.698105874670733
  yaw: -17.003973
  pitch: 48.149998
